# clumpy_star.txt: import file for particle source
# Column 1: position x (pc)
# Column 2: position y (pc)
# Column 3: position z (pc)
# Column 4: smoothing length (pc)
# Column 5: age (Myr)
# Column 6: metallicity (1)
# Column 7: DTS (1)
# Column 8: mass (Msun)
-409.99012300311665 -30.930457072124437 -142.63633079831703 25.245099928361096 9.16941040982735 0.49 0.1 14015.290402179597
61.02927370208622 131.08738002930755 145.32343757859002 31.421517161582955 5.855123270865303 0.49 0.1 21712.119180486527
338.32224031712303 -197.99701088388963 -144.53265239309158 56.18519082381834 5.787766753196999 0.49 0.1 69421.12273133486
-412.6402056142876 -58.184860951427986 40.63554940188915 23.747486102453735 0.7695028653175728 0.49 0.1 12401.756416149468
98.19080230232181 562.1053347191 7.896614105026116 33.99102356310519 4.337398943313042 0.49 0.1 25408.346178111442
374.24139251994734 -482.1077626067838 -14.41236912634202 16.382093832342825 7.543405160743345 0.49 0.1 5901.830479864809
-401.3992654129022 693.3406962153205 23.23252237598163 23.667421904230533 3.3496729054902197 0.49 0.1 12318.272813198064
511.42145393887785 356.71406326774945 -60.06158787076244 25.929117968725357 4.385173862960124 0.49 0.1 14785.070507471377
-420.52985974635953 -5.4846716602659535 -133.21684895096055 39.27257145375979 6.152012812536767 0.49 0.1 33917.71524777876
342.52518888682914 440.2517217879437 92.47276395693653 24.13344970672521 7.3675825378072055 0.49 0.1 12808.159407512794
103.35328016211965 -22.181165454068086 105.08881005998258 51.38639552960082 8.203272633855574 0.49 0.1 58068.98346851695
5.045182534987775 -205.02321618797637 -53.62125435173916 47.72547765408181 7.310833343676705 0.49 0.1 50089.70570259264
-80.38111855072997 -31.458863420062205 50.607266008201606 21.856409995049006 1.034409468802111 0.49 0.1 10505.230123989877
-108.56604847643712 -726.4799215842489 99.17055072802258 24.617879164443785 2.7433561011390943 0.49 0.1 13327.515122909554
-281.31267433257347 103.3483224866557 -46.83520635068398 45.050761029257195 7.1452130903146065 0.49 0.1 44632.59892909395
131.18098770501052 -340.84279351437016 146.20248463618276 23.752892978634975 7.466400110016014 0.49 0.1 12407.404373551382
96.23785108031521 92.88939910855608 22.940774166536155 27.142898590925817 3.4864366460202856 0.49 0.1 16201.691594471116
340.6572848043076 -652.5631363070976 72.63781665100703 21.0145747969584 3.3812575850740605 0.49 0.1 9711.56288716028
456.19444705218666 27.303274579828205 -111.23993931431517 22.536000753370832 6.615120412622112 0.49 0.1 11168.673874109008
-306.2668549247353 999.6975064613836 -5.982715105344951 161.76182710542506 4.668544631702088 0.49 0.1 575439.9373371567
322.29533989398254 -413.20000865887454 -36.60279330820695 22.22804281215501 4.219516745288921 0.49 0.1 10865.516155586798
-24.97023592306763 280.52773734638345 86.33692620323146 27.028616146545527 1.9939515461378068 0.49 0.1 16065.547623702816
-148.76269672374315 2.729548581592655 -39.9410212079426 21.599714319091156 9.083722629570579 0.49 0.1 10259.918879110097
705.5873544409452 379.4320271458589 43.127895878402846 34.538468617000376 7.633111085395572 0.49 0.1 26233.369000770497
403.36740529832144 -173.21894144785483 -92.62446442531952 24.648109190605254 4.394202118452695 0.49 0.1 13360.2668069458
692.7143352081077 389.0182944570101 58.75311170368488 24.934765925912565 7.070194194251467 0.49 0.1 13672.832831674643
85.25793652445343 696.0538874443505 66.45178444031767 23.208748645826713 7.3991055935836 0.49 0.1 11845.444516790976
-362.62564438714645 -104.51760629011324 0.4748761882306268 21.971516436909045 6.838379702113984 0.49 0.1 10616.17275628818
-275.5011606968679 633.9725170643813 -18.415881248688905 33.98880892922793 3.1061501401314255 0.49 0.1 25405.03540101717
273.45865683323615 -486.17358077398393 7.203290863224742 21.75176887992851 3.67371387108556 0.49 0.1 10404.879928638047
-55.89011476103789 40.986382248160936 -91.93483073145981 22.24828101687552 0.27451403061588003 0.49 0.1 10885.310849064948
-589.1684314971299 -542.6662874198796 88.0232312003601 25.733953196492735 6.7586452602981355 0.49 0.1 14563.337901350464
256.4522002231221 682.3446530132718 -61.46283884239702 23.072888683989625 1.7318355788523256 0.49 0.1 11707.168100379915
369.28913970242405 320.36509951073805 -21.72664154121123 22.042119828933355 5.88310316090438 0.49 0.1 10684.510514724278
-513.6793929463036 -274.3364889981485 -24.719779447408968 22.85934520268155 6.46408649685466 0.49 0.1 11491.46727901343
358.8430383881676 -369.77619601142834 73.63049394259454 40.236210785806186 6.368939393579575 0.49 0.1 35602.628446969924
-57.28599128761002 -313.19008248807745 136.9441593778395 22.488336646433012 2.6253535762993385 0.49 0.1 11121.479883345784
599.3767284750595 -462.1836243390153 85.17820287741226 23.150788672786533 5.4408979139548785 0.49 0.1 11786.354354818648
171.544047102986 267.1632941830697 124.35355920669011 24.578727100361483 1.81104030187359 0.49 0.1 13285.156901085442
307.2298620749756 116.72139755428107 53.26103046679411 25.836400660413084 2.6979125290593435 0.49 0.1 14679.522680297136
493.938329269301 -40.59486286461811 -92.80717223491119 24.85711382209476 1.3059231400780913 0.49 0.1 13587.805282474663
360.7586241373467 -264.24673209794827 41.28570080060881 24.460481378550174 4.574942114323066 0.49 0.1 13157.63734235558
566.7089269215354 233.6060193476225 -23.683349631876123 31.720636362519393 7.5258325436716955 0.49 0.1 22127.466674520725
763.4553728776016 187.79486273576526 -46.877242382061404 23.220746704976072 2.7852300736192164 0.49 0.1 11857.694990275188
-222.760192683968 -18.876391732148495 -12.328066628205354 18.861239836379564 2.940989759918711 0.49 0.1 7823.271237388383
676.4731435117113 443.9395858261925 -76.95306186828495 33.39863451037145 0.07815842017540044 0.49 0.1 24530.43982929628
546.0169768891617 -317.1955118501406 -71.0889080799709 30.073892920654284 9.935132297489014 0.49 0.1 19889.653204692884
247.4693996195757 1.606150398181459 134.49438360462173 26.482440069603417 4.952508328613547 0.49 0.1 15422.82422684913
337.5290173596207 155.5631404733694 -180.06224931280454 30.702371034900594 6.368969406849345 0.49 0.1 20729.639249542524
57.112020968543206 -327.2877145457696 49.31553252716892 22.523428587704604 4.681435422756186 0.49 0.1 11156.216006962455
345.24533556250606 -686.4968950808212 19.597609965387303 23.648872244115154 6.915120204625169 0.49 0.1 12298.971156267904
237.02264848302323 130.34294061813435 -52.40717118416921 25.598367548984477 3.695287441509643 0.49 0.1 14410.28113579179
85.24189665234373 85.29410578904132 23.16578581372013 26.837635272584677 0.06427614723379937 0.49 0.1 15839.315359055014
-386.0343584817018 360.2485697080748 114.99941650428069 29.281322046855365 1.8545988252728465 0.49 0.1 18855.11888316347
509.42890105001817 516.9484103282682 8.575344536254338 25.747427878695518 8.848930981018555 0.49 0.1 14578.593056644746
190.18377120642123 211.44147727427307 -39.6221078856529 21.855991607531056 7.644163416921613 0.49 0.1 10504.827933960514
700.2669916158325 14.404567429674847 -85.08657013639981 33.416760631562056 4.910611257970155 0.49 0.1 24557.073396194948
-520.4946803689895 -418.57517240316827 91.68270755869504 31.972045409577625 5.933838858155083 0.49 0.1 22479.609098829915
65.05272039727339 317.4542427523073 -7.530597869357809 33.2384828903924 7.2482503968620335 0.49 0.1 24295.749361422673
-37.037242999261515 332.36975051744514 49.00997534720571 33.24115097226449 7.651581907582628 0.49 0.1 24299.649999749345
460.2780184242262 -127.48697892390712 -67.97887438676962 46.319270133119346 6.7607203485608345 0.49 0.1 47181.454775748505
